$ANSIBLE_VAULT;1.1;AES256
62356133633830383665376331313930666532393662396530656230393164326434633134363465
3932613635663138306331373063646333646237636235370a613232643563386334653162313534
38363861633430616537383964303139323638326565343866663138373533303263386262313130
3461643038346462660a396338653166373062623431323030636136353631373938663935383263
35646466643833613932306361643366326638643234316330306139633433393662336635353761
30386139616564383563376336366466363530636637303933383235643861613938303465613961
33633537633437643266653232616638633937316632646331333230666665633434623732636134
63623437653139333363663534313932363138346565386632346138373636366630383138326531
66343561316334663333616164643636386263313765386565626362313764653865663262363061
37643537393632616161613963316636373763643839653437343461613434623366326261653639
66663432306663663232623136646465396465363237323734666437343830343334313066623333
36373636383435326230313135326138333732323238626638643666383836613362636438323033
61363565646133323832323866356639653537316562313835343362313435303362653161646566
63633832356461653565343265633031643330323164346266323762626364643531633437626135
63393931356434303466323463373365333664336432643865386631313536633934643536626162
39323733636235636432383039633839643637396266336538323235383933303033343135663765
30376364633131623036313962633634376666363535613630356664656232613266
